8
26
44
50
53
73
87
122
153
158
159
163
166
173
185
207
212
287
291
314
323
325
339
344
345
378
393
412
446
469
494
524
534
537
554
569
575
589
591
618
663
750
756
766
776
781
832
854
868
955
971
972
985
1006
1015
1018
1072
1079
1084
1136
1145
1158
1192
1230
1233
1279
1305
1347
1352
1358
1368
1376
1393
1401
1403
1423
1428
1431
1433
1445
1446
1467
1472
1473
1491
1527
1546
1557
1581
1600
1612
1614
1615
1630
1632
1644
1693
1699
1714
1740
1783
1786
1800
1803
1821
1844
1855
1872
1901
1924
1955
1972
1978
2001
2051
2063
2088
2099
2133
2151
2177
2179
2215
2229
2235
2244
2250
2252
2262
2266
2282
2286
2319
2329
2334
2410
2413
2417
2430
2437
2457
2464
2471
2480
2485
2555
2558
2562
2615
2647
2654
2669
2715
2727
2731
2768
2795
2796
2797
2807
2825
2872
2877
2937
2962
2971
2974
2999
3003
3043
3053
3084
3108
3117
3127
3132
3158
3160
3169
3171
3176
3179
3227
3249
3335
3349
3351
3363
3375
3379
3396
3408
3430
3436
3442
3473
3484
3491
3520
3580
3595
3596
3604
3627
3682
3703
3773
3781
3786
3797
3820
3857
3869
3873
3883
3887
3905
3975
3988
3999
4003
4006
4072
4080
4091
4110
4127
4146
4159
4175
4192
4194
4230
4237
4249
4255
4271
4280
4294
4329
4345
4373
4380
4389
4406
4428
4433
4451
4467
4531
4557
4563
4582
4628
4631
4634
4667
4682
4703
4719
4769
4824
4892
4909
4920
4921
4930
4984
5006
5010
5023
5098
5125
5126
5130
5144
5224
5239
5280
5325
5333
5335
5382
5384
5385
5402
5414
5434
5437
5439
5441
5471
5482
5493
5506
5510
5523
5535
5549
5586
5587
5601
5609
5677
5692
5731
5833
5837
5883
5897
5900
5932
5942
5981
6011
6016
6053
6067
6069
6091
6111
6125
6184
6189
6200
6208
6218
6248
6255
6278
6295
6321
6359
6367
6377
6380
6442
6463
6472
6477
6493
6507
6531
6592
6627
6660
6669
6670
6671
6672
6689
6702
6718
6723
6728
6730
6738
6765
6791
6821
6831
6849
6881
6898
6926
6959
6967
7033
7055
7056
7077
7128
7203
7226
7236
7251
7253
7265
7288
7290
7310
7313
7322
7324
7334
7395
7520
7544
7573
7576
7619
7623
7652
7686
7691
7706
7716
7724
7759
7765
7820
7832
7837
7884
7908
7910
7992
8017
8023
8059
8063
8085
8086
8092
8100
8149
8157
8190
8219
8229
8263
8305
8316
8319
8335
8351
8354
8371
8374
8464
8469
8484
8486
8487
8500
8507
8519
8524
8544
8556
8574
8575
8576
8614
8645
8659
8686
8693
8696
8701
8726
8743
8757
8787
8795
8832
8870
8880
8912
8916
8919
8921
8924
8950
8958
8975
8981
8994
9003
9026
9051
9061
9065
9067
9097
9100
9128
9172
9304
9315
9340
9344
9390
9394
9488